1
61
251
353
398
616
656
1221
1341
1442
2113
2173
2426
2565
2570
2578
4414
4465
4622
4742
4976
5256
5293
5409
5410
5587
5597
5606
6249
6251
6253
6261
6277
6281
6296
6300
6688
6720
6748
7078
7185
7236
7263
7330
8030
8327
8451
9575
9617
9625
9675
10021
10042
10144
10607
10667
10956
11533
11555
11883
11908
12032
12384
14035
14695
15481
15527
15565
15679
15739
15793
15917
15992
16073
16115
20198
20272
20525
20754
21018
21022
22204
22384
22504
22547
22550
22685
22801
23375
25037
26344
